  0.26325521E-03
  0.73171922E-03
  0.15341331E-02
  0.89471090E-02
  0.25562662E-02
  0.32773437E-02
  0.24868536E-01
  0.11062805E-01
  0.32773437E-02
  0.52139733E-01
  0.25562662E-02
  0.26325521E-03
  0.86878404E-01
  0.15341331E-02
  0.11138526E+00
  0.73171922E-03
  0.37598543E+00
  0.73171922E-03
  0.11138526E+00
  0.15341331E-02
  0.86878404E-01
  0.26325521E-03
  0.25562662E-02
  0.52139733E-01
  0.32773437E-02
  0.11062805E-01
  0.24868536E-01
  0.32773437E-02
  0.25562662E-02
  0.89471090E-02
  0.15341331E-02
  0.73171922E-03
  0.26325521E-03
