 -0.47415191E+01
 -0.39041665E+01
 -0.31769113E+01
 -0.28490016E+01
 -0.25749613E+01
 -0.21240338E+01
 -0.20116490E+01
 -0.18925175E+01
 -0.16610012E+01
 -0.12843938E+01
 -0.12100737E+01
 -0.95648415E+00
 -0.68244382E+00
 -0.60812364E+00
 -0.23151632E+00
 -0.11913150E+00
  0.00000000E+00
  0.11913150E+00
  0.23151632E+00
  0.60812364E+00
  0.68244382E+00
  0.95648415E+00
  0.12100737E+01
  0.12843938E+01
  0.16610012E+01
  0.18925175E+01
  0.20116490E+01
  0.21240338E+01
  0.25749613E+01
  0.28490016E+01
  0.31769113E+01
  0.39041665E+01
  0.47415191E+01
