 -0.85623069E+00  0.32502463E-01  0.78435813E-03  0.79470408E+00  0.80461920E-03  0.57385784E-03  0.00000000E+00  0.39669164E-03  0.57385784E-03  0.00000000E+00  0.80461920E-03  0.23382971E-01  0.00000000E+00  0.78435813E-03  0.00000000E+00  0.00000000E+00  0.00000000E+00  0.55400460E-03  0.00000000E+00  0.00000000E+00  0.00000000E+00  0.36481447E-03  0.00000000E+00  0.00000000E+00  0.00000000E+00  0.00000000E+00  0.00000000E+00  0.00000000E+00  0.00000000E+00  0.00000000E+00  0.00000000E+00  0.00000000E+00  0.00000000E+00
  0.36481447E-03 -0.85006657E+00  0.26757890E-01  0.00000000E+00  0.80461920E-03  0.57385784E-03  0.79470408E+00  0.39669164E-03  0.57385784E-03  0.00000000E+00  0.80461920E-03  0.00000000E+00  0.00000000E+00  0.78435813E-03  0.00000000E+00  0.23382971E-01  0.00000000E+00  0.55400460E-03  0.00000000E+00  0.00000000E+00  0.00000000E+00  0.36481447E-03  0.00000000E+00  0.00000000E+00  0.00000000E+00  0.00000000E+00  0.00000000E+00  0.00000000E+00  0.00000000E+00  0.00000000E+00  0.00000000E+00  0.00000000E+00  0.00000000E+00
  0.36481447E-03  0.55400460E-03 -0.84389834E+00  0.00000000E+00  0.20840267E-01  0.57385784E-03  0.00000000E+00  0.39669164E-03  0.57385784E-03  0.79470408E+00  0.80461920E-03  0.00000000E+00  0.00000000E+00  0.78435813E-03  0.00000000E+00  0.00000000E+00  0.00000000E+00  0.55400460E-03  0.00000000E+00  0.23382971E-01  0.00000000E+00  0.36481447E-03  0.00000000E+00  0.00000000E+00  0.00000000E+00  0.00000000E+00  0.00000000E+00  0.00000000E+00  0.00000000E+00  0.00000000E+00  0.00000000E+00  0.00000000E+00  0.00000000E+00
  0.23382971E-01  0.00000000E+00  0.00000000E+00 -0.84909585E-01  0.00000000E+00  0.00000000E+00  0.32502463E-01  0.00000000E+00  0.00000000E+00  0.78435813E-03  0.00000000E+00  0.23382971E-01  0.80461920E-03  0.00000000E+00  0.57385784E-03  0.00000000E+00  0.39669164E-03  0.00000000E+00  0.57385784E-03  0.00000000E+00  0.80461920E-03  0.00000000E+00  0.00000000E+00  0.78435813E-03  0.00000000E+00  0.00000000E+00  0.55400460E-03  0.00000000E+00  0.00000000E+00  0.36481447E-03  0.00000000E+00  0.00000000E+00  0.00000000E+00
  0.36481447E-03  0.55400460E-03  0.78435813E-03  0.00000000E+00 -0.83805347E+00  0.14784895E-01  0.00000000E+00  0.39669164E-03  0.57385784E-03  0.00000000E+00  0.80461920E-03  0.00000000E+00  0.79470408E+00  0.78435813E-03  0.00000000E+00  0.00000000E+00  0.00000000E+00  0.55400460E-03  0.00000000E+00  0.00000000E+00  0.00000000E+00  0.36481447E-03  0.23382971E-01  0.00000000E+00  0.00000000E+00  0.00000000E+00  0.00000000E+00  0.00000000E+00  0.00000000E+00  0.00000000E+00  0.00000000E+00  0.00000000E+00  0.00000000E+00
  0.36481447E-03  0.55400460E-03  0.78435813E-03  0.00000000E+00  0.80461920E-03 -0.83346319E+00  0.00000000E+00  0.97866919E-02  0.57385784E-03  0.00000000E+00  0.80461920E-03  0.00000000E+00  0.00000000E+00  0.78435813E-03  0.79470408E+00  0.00000000E+00  0.00000000E+00  0.55400460E-03  0.00000000E+00  0.00000000E+00  0.00000000E+00  0.36481447E-03  0.00000000E+00  0.00000000E+00  0.23382971E-01  0.00000000E+00  0.00000000E+00  0.00000000E+00  0.00000000E+00  0.00000000E+00  0.00000000E+00  0.00000000E+00  0.00000000E+00
  0.00000000E+00  0.23382971E-01  0.00000000E+00  0.36481447E-03  0.00000000E+00  0.00000000E+00 -0.78745469E-01  0.00000000E+00  0.00000000E+00  0.26757890E-01  0.00000000E+00  0.00000000E+00  0.80461920E-03  0.00000000E+00  0.57385784E-03  0.23382971E-01  0.39669164E-03  0.00000000E+00  0.57385784E-03  0.00000000E+00  0.80461920E-03  0.00000000E+00  0.00000000E+00  0.78435813E-03  0.00000000E+00  0.00000000E+00  0.55400460E-03  0.00000000E+00  0.00000000E+00  0.36481447E-03  0.00000000E+00  0.00000000E+00  0.00000000E+00
  0.36481447E-03  0.55400460E-03  0.78435813E-03  0.00000000E+00  0.80461920E-03  0.57385784E-03  0.00000000E+00 -0.82425036E+00  0.57385784E-03  0.00000000E+00  0.80461920E-03  0.00000000E+00  0.00000000E+00  0.78435813E-03  0.00000000E+00  0.00000000E+00  0.79470408E+00  0.55400460E-03  0.00000000E+00  0.00000000E+00  0.00000000E+00  0.36481447E-03  0.00000000E+00  0.00000000E+00  0.00000000E+00  0.23382971E-01  0.00000000E+00  0.00000000E+00  0.00000000E+00  0.00000000E+00  0.00000000E+00  0.00000000E+00  0.00000000E+00
  0.36481447E-03  0.55400460E-03  0.78435813E-03  0.00000000E+00  0.80461920E-03  0.57385784E-03  0.00000000E+00  0.97866919E-02 -0.83346319E+00  0.00000000E+00  0.80461920E-03  0.00000000E+00  0.00000000E+00  0.78435813E-03  0.00000000E+00  0.00000000E+00  0.00000000E+00  0.55400460E-03  0.79470408E+00  0.00000000E+00  0.00000000E+00  0.36481447E-03  0.00000000E+00  0.00000000E+00  0.00000000E+00  0.00000000E+00  0.00000000E+00  0.23382971E-01  0.00000000E+00  0.00000000E+00  0.00000000E+00  0.00000000E+00  0.00000000E+00
  0.00000000E+00  0.00000000E+00  0.23382971E-01  0.36481447E-03  0.00000000E+00  0.00000000E+00  0.55400460E-03  0.00000000E+00  0.00000000E+00 -0.72577231E-01  0.00000000E+00  0.00000000E+00  0.20840267E-01  0.00000000E+00  0.57385784E-03  0.00000000E+00  0.39669164E-03  0.00000000E+00  0.57385784E-03  0.23382971E-01  0.80461920E-03  0.00000000E+00  0.00000000E+00  0.78435813E-03  0.00000000E+00  0.00000000E+00  0.55400460E-03  0.00000000E+00  0.00000000E+00  0.36481447E-03  0.00000000E+00  0.00000000E+00  0.00000000E+00
  0.36481447E-03  0.55400460E-03  0.78435813E-03  0.00000000E+00  0.80461920E-03  0.57385784E-03  0.00000000E+00  0.39669164E-03  0.14784895E-01  0.00000000E+00 -0.83805347E+00  0.00000000E+00  0.00000000E+00  0.78435813E-03  0.00000000E+00  0.00000000E+00  0.00000000E+00  0.55400460E-03  0.00000000E+00  0.00000000E+00  0.79470408E+00  0.36481447E-03  0.00000000E+00  0.00000000E+00  0.00000000E+00  0.00000000E+00  0.00000000E+00  0.00000000E+00  0.23382971E-01  0.00000000E+00  0.00000000E+00  0.00000000E+00  0.00000000E+00
  0.23382971E-01  0.00000000E+00  0.00000000E+00  0.79470408E+00  0.00000000E+00  0.00000000E+00  0.00000000E+00  0.00000000E+00  0.00000000E+00  0.00000000E+00  0.00000000E+00 -0.85623069E+00  0.00000000E+00  0.00000000E+00  0.00000000E+00  0.32502463E-01  0.00000000E+00  0.00000000E+00  0.00000000E+00  0.78435813E-03  0.00000000E+00  0.00000000E+00  0.80461920E-03  0.00000000E+00  0.57385784E-03  0.39669164E-03  0.00000000E+00  0.57385784E-03  0.80461920E-03  0.00000000E+00  0.78435813E-03  0.55400460E-03  0.36481447E-03
  0.00000000E+00  0.00000000E+00  0.00000000E+00  0.36481447E-03  0.23382971E-01  0.00000000E+00  0.55400460E-03  0.00000000E+00  0.00000000E+00  0.78435813E-03  0.00000000E+00  0.00000000E+00 -0.66732360E-01  0.00000000E+00  0.14784895E-01  0.00000000E+00  0.39669164E-03  0.00000000E+00  0.57385784E-03  0.00000000E+00  0.80461920E-03  0.00000000E+00  0.23382971E-01  0.78435813E-03  0.00000000E+00  0.00000000E+00  0.55400460E-03  0.00000000E+00  0.00000000E+00  0.36481447E-03  0.00000000E+00  0.00000000E+00  0.00000000E+00
  0.36481447E-03  0.55400460E-03  0.78435813E-03  0.00000000E+00  0.80461920E-03  0.57385784E-03  0.00000000E+00  0.39669164E-03  0.57385784E-03  0.00000000E+00  0.20840267E-01  0.00000000E+00  0.00000000E+00 -0.84389834E+00  0.00000000E+00  0.00000000E+00  0.00000000E+00  0.55400460E-03  0.00000000E+00  0.00000000E+00  0.00000000E+00  0.36481447E-03  0.00000000E+00  0.79470408E+00  0.00000000E+00  0.00000000E+00  0.00000000E+00  0.00000000E+00  0.00000000E+00  0.00000000E+00  0.23382971E-01  0.00000000E+00  0.00000000E+00
  0.00000000E+00  0.00000000E+00  0.00000000E+00  0.36481447E-03  0.00000000E+00  0.23382971E-01  0.55400460E-03  0.00000000E+00  0.00000000E+00  0.78435813E-03  0.00000000E+00  0.00000000E+00  0.80461920E-03  0.00000000E+00 -0.62142084E-01  0.00000000E+00  0.97866919E-02  0.00000000E+00  0.57385784E-03  0.00000000E+00  0.80461920E-03  0.00000000E+00  0.00000000E+00  0.78435813E-03  0.23382971E-01  0.00000000E+00  0.55400460E-03  0.00000000E+00  0.00000000E+00  0.36481447E-03  0.00000000E+00  0.00000000E+00  0.00000000E+00
  0.00000000E+00  0.23382971E-01  0.00000000E+00  0.00000000E+00  0.00000000E+00  0.00000000E+00  0.79470408E+00  0.00000000E+00  0.00000000E+00  0.00000000E+00  0.00000000E+00  0.36481447E-03  0.00000000E+00  0.00000000E+00  0.00000000E+00 -0.85006657E+00  0.00000000E+00  0.00000000E+00  0.00000000E+00  0.26757890E-01  0.00000000E+00  0.00000000E+00  0.80461920E-03  0.00000000E+00  0.57385784E-03  0.39669164E-03  0.00000000E+00  0.57385784E-03  0.80461920E-03  0.00000000E+00  0.78435813E-03  0.55400460E-03  0.36481447E-03
  0.00000000E+00  0.00000000E+00  0.00000000E+00  0.36481447E-03  0.00000000E+00  0.00000000E+00  0.55400460E-03  0.23382971E-01  0.00000000E+00  0.78435813E-03  0.00000000E+00  0.00000000E+00  0.80461920E-03  0.00000000E+00  0.57385784E-03  0.00000000E+00 -0.52929250E-01  0.00000000E+00  0.57385784E-03  0.00000000E+00  0.80461920E-03  0.00000000E+00  0.00000000E+00  0.78435813E-03  0.00000000E+00  0.23382971E-01  0.55400460E-03  0.00000000E+00  0.00000000E+00  0.36481447E-03  0.00000000E+00  0.00000000E+00  0.00000000E+00
  0.36481447E-03  0.55400460E-03  0.78435813E-03  0.00000000E+00  0.80461920E-03  0.57385784E-03  0.00000000E+00  0.39669164E-03  0.57385784E-03  0.00000000E+00  0.80461920E-03  0.00000000E+00  0.00000000E+00  0.26757890E-01  0.00000000E+00  0.00000000E+00  0.00000000E+00 -0.85006657E+00  0.00000000E+00  0.00000000E+00  0.00000000E+00  0.36481447E-03  0.00000000E+00  0.00000000E+00  0.00000000E+00  0.00000000E+00  0.79470408E+00  0.00000000E+00  0.00000000E+00  0.00000000E+00  0.00000000E+00  0.23382971E-01  0.00000000E+00
  0.00000000E+00  0.00000000E+00  0.00000000E+00  0.36481447E-03  0.00000000E+00  0.00000000E+00  0.55400460E-03  0.00000000E+00  0.23382971E-01  0.78435813E-03  0.00000000E+00  0.00000000E+00  0.80461920E-03  0.00000000E+00  0.57385784E-03  0.00000000E+00  0.97866919E-02  0.00000000E+00 -0.62142084E-01  0.00000000E+00  0.80461920E-03  0.00000000E+00  0.00000000E+00  0.78435813E-03  0.00000000E+00  0.00000000E+00  0.55400460E-03  0.23382971E-01  0.00000000E+00  0.36481447E-03  0.00000000E+00  0.00000000E+00  0.00000000E+00
  0.00000000E+00  0.00000000E+00  0.23382971E-01  0.00000000E+00  0.00000000E+00  0.00000000E+00  0.00000000E+00  0.00000000E+00  0.00000000E+00  0.79470408E+00  0.00000000E+00  0.36481447E-03  0.00000000E+00  0.00000000E+00  0.00000000E+00  0.55400460E-03  0.00000000E+00  0.00000000E+00  0.00000000E+00 -0.84389834E+00  0.00000000E+00  0.00000000E+00  0.20840267E-01  0.00000000E+00  0.57385784E-03  0.39669164E-03  0.00000000E+00  0.57385784E-03  0.80461920E-03  0.00000000E+00  0.78435813E-03  0.55400460E-03  0.36481447E-03
  0.00000000E+00  0.00000000E+00  0.00000000E+00  0.36481447E-03  0.00000000E+00  0.00000000E+00  0.55400460E-03  0.00000000E+00  0.00000000E+00  0.78435813E-03  0.23382971E-01  0.00000000E+00  0.80461920E-03  0.00000000E+00  0.57385784E-03  0.00000000E+00  0.39669164E-03  0.00000000E+00  0.14784895E-01  0.00000000E+00 -0.66732360E-01  0.00000000E+00  0.00000000E+00  0.78435813E-03  0.00000000E+00  0.00000000E+00  0.55400460E-03  0.00000000E+00  0.23382971E-01  0.36481447E-03  0.00000000E+00  0.00000000E+00  0.00000000E+00
  0.36481447E-03  0.55400460E-03  0.78435813E-03  0.00000000E+00  0.80461920E-03  0.57385784E-03  0.00000000E+00  0.39669164E-03  0.57385784E-03  0.00000000E+00  0.80461920E-03  0.00000000E+00  0.00000000E+00  0.78435813E-03  0.00000000E+00  0.00000000E+00  0.00000000E+00  0.32502463E-01  0.00000000E+00  0.00000000E+00  0.00000000E+00 -0.85623069E+00  0.00000000E+00  0.00000000E+00  0.00000000E+00  0.00000000E+00  0.00000000E+00  0.00000000E+00  0.00000000E+00  0.79470408E+00  0.00000000E+00  0.00000000E+00  0.23382971E-01
  0.00000000E+00  0.00000000E+00  0.00000000E+00  0.00000000E+00  0.23382971E-01  0.00000000E+00  0.00000000E+00  0.00000000E+00  0.00000000E+00  0.00000000E+00  0.00000000E+00  0.36481447E-03  0.79470408E+00  0.00000000E+00  0.00000000E+00  0.55400460E-03  0.00000000E+00  0.00000000E+00  0.00000000E+00  0.78435813E-03  0.00000000E+00  0.00000000E+00 -0.83805347E+00  0.00000000E+00  0.14784895E-01  0.39669164E-03  0.00000000E+00  0.57385784E-03  0.80461920E-03  0.00000000E+00  0.78435813E-03  0.55400460E-03  0.36481447E-03
  0.00000000E+00  0.00000000E+00  0.00000000E+00  0.36481447E-03  0.00000000E+00  0.00000000E+00  0.55400460E-03  0.00000000E+00  0.00000000E+00  0.78435813E-03  0.00000000E+00  0.00000000E+00  0.80461920E-03  0.23382971E-01  0.57385784E-03  0.00000000E+00  0.39669164E-03  0.00000000E+00  0.57385784E-03  0.00000000E+00  0.20840267E-01  0.00000000E+00  0.00000000E+00 -0.72577231E-01  0.00000000E+00  0.00000000E+00  0.55400460E-03  0.00000000E+00  0.00000000E+00  0.36481447E-03  0.23382971E-01  0.00000000E+00  0.00000000E+00
  0.00000000E+00  0.00000000E+00  0.00000000E+00  0.00000000E+00  0.00000000E+00  0.23382971E-01  0.00000000E+00  0.00000000E+00  0.00000000E+00  0.00000000E+00  0.00000000E+00  0.36481447E-03  0.00000000E+00  0.00000000E+00  0.79470408E+00  0.55400460E-03  0.00000000E+00  0.00000000E+00  0.00000000E+00  0.78435813E-03  0.00000000E+00  0.00000000E+00  0.80461920E-03  0.00000000E+00 -0.83346319E+00  0.97866919E-02  0.00000000E+00  0.57385784E-03  0.80461920E-03  0.00000000E+00  0.78435813E-03  0.55400460E-03  0.36481447E-03
  0.00000000E+00  0.00000000E+00  0.00000000E+00  0.00000000E+00  0.00000000E+00  0.00000000E+00  0.00000000E+00  0.23382971E-01  0.00000000E+00  0.00000000E+00  0.00000000E+00  0.36481447E-03  0.00000000E+00  0.00000000E+00  0.00000000E+00  0.55400460E-03  0.79470408E+00  0.00000000E+00  0.00000000E+00  0.78435813E-03  0.00000000E+00  0.00000000E+00  0.80461920E-03  0.00000000E+00  0.57385784E-03 -0.82425036E+00  0.00000000E+00  0.57385784E-03  0.80461920E-03  0.00000000E+00  0.78435813E-03  0.55400460E-03  0.36481447E-03
  0.00000000E+00  0.00000000E+00  0.00000000E+00  0.36481447E-03  0.00000000E+00  0.00000000E+00  0.55400460E-03  0.00000000E+00  0.00000000E+00  0.78435813E-03  0.00000000E+00  0.00000000E+00  0.80461920E-03  0.00000000E+00  0.57385784E-03  0.00000000E+00  0.39669164E-03  0.23382971E-01  0.57385784E-03  0.00000000E+00  0.80461920E-03  0.00000000E+00  0.00000000E+00  0.26757890E-01  0.00000000E+00  0.00000000E+00 -0.78745469E-01  0.00000000E+00  0.00000000E+00  0.36481447E-03  0.00000000E+00  0.23382971E-01  0.00000000E+00
  0.00000000E+00  0.00000000E+00  0.00000000E+00  0.00000000E+00  0.00000000E+00  0.00000000E+00  0.00000000E+00  0.00000000E+00  0.23382971E-01  0.00000000E+00  0.00000000E+00  0.36481447E-03  0.00000000E+00  0.00000000E+00  0.00000000E+00  0.55400460E-03  0.00000000E+00  0.00000000E+00  0.79470408E+00  0.78435813E-03  0.00000000E+00  0.00000000E+00  0.80461920E-03  0.00000000E+00  0.57385784E-03  0.97866919E-02  0.00000000E+00 -0.83346319E+00  0.80461920E-03  0.00000000E+00  0.78435813E-03  0.55400460E-03  0.36481447E-03
  0.00000000E+00  0.00000000E+00  0.00000000E+00  0.00000000E+00  0.00000000E+00  0.00000000E+00  0.00000000E+00  0.00000000E+00  0.00000000E+00  0.00000000E+00  0.23382971E-01  0.36481447E-03  0.00000000E+00  0.00000000E+00  0.00000000E+00  0.55400460E-03  0.00000000E+00  0.00000000E+00  0.00000000E+00  0.78435813E-03  0.79470408E+00  0.00000000E+00  0.80461920E-03  0.00000000E+00  0.57385784E-03  0.39669164E-03  0.00000000E+00  0.14784895E-01 -0.83805347E+00  0.00000000E+00  0.78435813E-03  0.55400460E-03  0.36481447E-03
  0.00000000E+00  0.00000000E+00  0.00000000E+00  0.36481447E-03  0.00000000E+00  0.00000000E+00  0.55400460E-03  0.00000000E+00  0.00000000E+00  0.78435813E-03  0.00000000E+00  0.00000000E+00  0.80461920E-03  0.00000000E+00  0.57385784E-03  0.00000000E+00  0.39669164E-03  0.00000000E+00  0.57385784E-03  0.00000000E+00  0.80461920E-03  0.23382971E-01  0.00000000E+00  0.78435813E-03  0.00000000E+00  0.00000000E+00  0.32502463E-01  0.00000000E+00  0.00000000E+00 -0.84909585E-01  0.00000000E+00  0.00000000E+00  0.23382971E-01
  0.00000000E+00  0.00000000E+00  0.00000000E+00  0.00000000E+00  0.00000000E+00  0.00000000E+00  0.00000000E+00  0.00000000E+00  0.00000000E+00  0.00000000E+00  0.00000000E+00  0.36481447E-03  0.00000000E+00  0.23382971E-01  0.00000000E+00  0.55400460E-03  0.00000000E+00  0.00000000E+00  0.00000000E+00  0.78435813E-03  0.00000000E+00  0.00000000E+00  0.80461920E-03  0.79470408E+00  0.57385784E-03  0.39669164E-03  0.00000000E+00  0.57385784E-03  0.20840267E-01  0.00000000E+00 -0.84389834E+00  0.55400460E-03  0.36481447E-03
  0.00000000E+00  0.00000000E+00  0.00000000E+00  0.00000000E+00  0.00000000E+00  0.00000000E+00  0.00000000E+00  0.00000000E+00  0.00000000E+00  0.00000000E+00  0.00000000E+00  0.36481447E-03  0.00000000E+00  0.00000000E+00  0.00000000E+00  0.55400460E-03  0.00000000E+00  0.23382971E-01  0.00000000E+00  0.78435813E-03  0.00000000E+00  0.00000000E+00  0.80461920E-03  0.00000000E+00  0.57385784E-03  0.39669164E-03  0.79470408E+00  0.57385784E-03  0.80461920E-03  0.00000000E+00  0.26757890E-01 -0.85006657E+00  0.36481447E-03
  0.00000000E+00  0.00000000E+00  0.00000000E+00  0.00000000E+00  0.00000000E+00  0.00000000E+00  0.00000000E+00  0.00000000E+00  0.00000000E+00  0.00000000E+00  0.00000000E+00  0.36481447E-03  0.00000000E+00  0.00000000E+00  0.00000000E+00  0.55400460E-03  0.00000000E+00  0.00000000E+00  0.00000000E+00  0.78435813E-03  0.00000000E+00  0.23382971E-01  0.80461920E-03  0.00000000E+00  0.57385784E-03  0.39669164E-03  0.00000000E+00  0.57385784E-03  0.80461920E-03  0.79470408E+00  0.78435813E-03  0.32502463E-01 -0.85623069E+00
